28.762364,59.076784,28.762364,59.076784,22.464697,64.572276,22.464697,64.572276
28.762364,59.076784,27.609892,60.529872,22.464697,64.572276,22.464697,64.572276
28.762364,59.076784,26.462915,61.986125,22.464697,64.572276,22.464697,64.572276
28.762364,59.076784,25.322074,63.444926,22.464697,64.572276,22.464697,64.572276
28.762364,59.076784,24.188007,64.905691,22.464697,64.572276,22.464697,64.572276
28.762364,59.076784,23.061352,66.367867,22.464697,64.572276,22.464697,64.572276
28.762364,59.076784,21.942750,67.830921,22.464697,64.572276,22.464697,64.572276
28.762364,59.076784,20.832849,69.294344,22.464697,64.572276,22.464697,64.572276
28.762364,59.076784,19.732302,70.757642,22.464697,64.572276,22.464697,64.572276
28.762364,59.076784,18.641778,72.220334,22.464697,64.572276,22.464697,64.572276
28.762364,59.076784,17.561953,73.681953,22.464697,64.572276,22.464697,64.572276
28.762364,59.076784,16.493523,75.142037,22.464697,64.572276,22.464697,64.572276
28.762364,59.076784,15.437201,76.600130,22.464697,64.572276,22.464697,64.572276
28.762364,59.076784,14.393719,78.055780,22.464697,64.572276,22.464697,64.572276
28.762364,59.076784,13.363831,79.508536,22.464697,64.572276,22.464697,64.572276
28.762364,59.076784,12.348319,80.957944,22.464697,64.572276,22.464697,64.572276
28.762364,59.076784,11.347987,82.403547,22.464697,64.572276,22.464697,64.572276
28.762364,59.076784,10.363671,83.844885,22.464697,64.572276,22.464697,64.572276
28.762364,59.076784,9.396239,85.281486,22.464697,64.572276,22.464697,64.572276
28.762364,59.076784,8.446591,86.712872,22.464697,64.572276,22.464697,64.572276
28.762364,59.076784,7.515664,88.138551,22.464697,64.572276,22.464697,64.572276
28.762364,59.076784,6.604432,89.558020,22.464697,64.572276,22.464697,64.572276
28.762364,59.076784,5.713910,90.970757,22.464697,64.572276,22.464697,64.572276
28.762364,59.076784,4.845157,92.376225,22.464697,64.572276,22.464697,64.572276
28.762364,59.076784,3.999274,93.773866,22.464697,64.572276,22.464697,64.572276
28.762364,59.076784,3.177412,95.163099,22.464697,64.572276,22.464697,64.572276
28.762364,59.076784,2.380770,96.543321,22.464697,64.572276,22.464697,64.572276
28.762364,59.076784,1.610598,97.913902,22.464697,64.572276,22.464697,64.572276
28.762364,59.076784,0.868200,99.274180,22.464697,64.572276,22.464697,64.572276
28.762364,59.076784,0.154932,100.623467,22.464697,64.572276,22.464697,64.572276
28.762364,59.076784,-0.527790,101.961038,22.464697,64.572276,22.464697,64.572276
28.762364,59.076784,-1.178497,103.286131,22.464697,64.572276,22.464697,64.572276
28.762364,59.076784,-1.795660,104.597948,22.464697,64.572276,22.464697,64.572276
28.762364,59.076784,-2.377693,105.895648,22.464697,64.572276,22.464697,64.572276
28.762364,59.076784,-2.922951,107.178346,22.464697,64.572276,22.464697,64.572276
28.762364,59.076784,-3.429735,108.445110,22.464697,64.572276,22.464697,64.572276
28.762364,59.076784,-3.896292,109.694960,22.464697,64.572276,22.464697,64.572276
28.762364,59.076784,-4.320816,110.926861,22.464697,64.572276,22.464697,64.572276
28.762364,59.076784,-4.701456,112.139726,22.464697,64.572276,22.464697,64.572276
28.762364,59.076784,-5.036320,113.332410,22.464697,64.572276,22.464697,64.572276
28.762364,59.076784,-5.323481,114.503709,22.464697,64.572276,22.464697,64.572276
28.762364,59.076784,-5.560991,115.652358,22.464697,64.572276,22.464697,64.572276
28.762364,59.076784,-5.746885,116.777027,22.464697,64.572276,22.464697,64.572276
28.762364,59.076784,-5.879201,117.876326,22.464697,64.572276,22.464697,64.572276
28.762364,59.076784,-5.955993,118.948799,22.464697,64.572276,22.464697,64.572276
28.762364,59.076784,-5.975353,119.992924,22.464697,64.572276,22.464697,64.572276
28.762364,59.076784,-5.935426,121.007118,22.464697,64.572276,22.464697,64.572276
28.762364,59.076784,-5.834444,121.989737,22.464697,64.572276,22.464697,64.572276
28.762364,59.076784,-5.670748,122.939078,22.464697,64.572276,22.464697,64.572276
28.762364,59.076784,-5.442820,123.853386,22.464697,64.572276,22.464697,64.572276
28.762364,59.076784,-5.149317,124.730858,22.464697,64.572276,22.464697,64.572276
28.762364,59.076784,-4.789111,125.569651,22.464697,64.572276,22.464697,64.572276
28.762364,59.076784,-4.361319,126.367894,22.464697,64.572276,22.464697,64.572276
28.762364,59.076784,-3.865354,127.123697,22.464697,64.572276,22.464697,64.572276
28.762364,59.076784,-3.300952,127.835165,22.464697,64.572276,22.464697,64.572276
28.762364,59.076784,-2.668221,128.500413,22.464697,64.572276,22.464697,64.572276
28.762364,59.076784,-1.967672,129.117586,22.464697,64.572276,22.464697,64.572276
28.762364,59.076784,-1.200251,129.684874,22.464697,64.572276,22.464697,64.572276
28.762364,59.076784,-0.367366,130.200538,22.464697,64.572276,22.464697,64.572276
28.762364,59.076784,0.529093,130.662926,22.464697,64.572276,22.464697,64.572276
28.762364,59.076784,1.486750,131.070498,22.464697,64.572276,22.464697,64.572276
28.762364,59.076784,2.502737,131.421849,22.464697,64.572276,22.464697,64.572276
28.762364,59.076784,3.573715,131.715732,22.464697,64.572276,22.464697,64.572276
28.762364,59.076784,4.695895,131.951072,22.464697,64.572276,22.464697,64.572276
28.762364,59.076784,5.865080,132.126992,22.464697,64.572276,22.464697,64.572276
28.762364,59.076784,7.076714,132.242826,22.464697,64.572276,22.464697,64.572276
28.762364,59.076784,8.325943,132.298128,22.464697,64.572276,22.464697,64.572276
28.762364,59.076784,9.607687,132.292685,22.464697,64.572276,22.464697,64.572276
28.762364,59.076784,10.916718,132.226517,22.464697,64.572276,22.464697,64.572276
28.762364,59.076784,12.247733,132.099881,22.464697,64.572276,22.464697,64.572276
28.762364,59.076784,13.595443,131.913261,22.464697,64.572276,22.464697,64.572276
28.762364,59.076784,14.954646,131.667364,22.464697,64.572276,22.464697,64.572276
28.762364,59.076784,16.320300,131.363103,22.464697,64.572276,22.464697,64.572276
28.762364,59.076784,17.687590,131.001584,22.464697,64.572276,22.464697,64.572276
28.762364,59.076784,19.051979,130.584085,22.464697,64.572276,22.464697,64.572276
28.762364,59.076784,20.409259,130.112037,22.464697,64.572276,22.464697,64.572276
28.762364,59.076784,21.755578,129.587002,22.464697,64.572276,22.464697,64.572276
28.762364,59.076784,23.087465,129.010647,22.464697,64.572276,22.464697,64.572276
28.762364,59.076784,24.401841,128.384728,22.464697,64.572276,22.464697,64.572276
28.762364,59.076784,25.696023,127.711063,22.464697,64.572276,22.464697,64.572276
28.762364,59.076784,26.967710,126.991514,22.464697,64.572276,22.464697,64.572276
28.762364,59.076784,28.214979,126.227970,22.464697,64.572276,22.464697,64.572276
28.762364,59.076784,29.436257,125.422324,22.464697,64.572276,22.464697,64.572276
28.762364,59.076784,30.630302,124.576466,22.464697,64.572276,22.464697,64.572276
28.762364,59.076784,31.796173,123.692261,22.464697,64.572276,22.464697,64.572276
28.762364,59.076784,32.933206,122.771546,22.464697,64.572276,22.464697,64.572276
28.762364,59.076784,34.040982,121.816116,22.464697,64.572276,22.464697,64.572276
28.762364,59.076784,35.119300,120.827718,22.464697,64.572276,22.464697,64.572276
28.762364,59.076784,36.168148,119.808043,22.464697,64.572276,22.464697,64.572276
28.762364,59.076784,37.187680,118.758725,22.464697,64.572276,22.464697,64.572276
28.762364,59.076784,38.178188,117.681337,22.464697,64.572276,22.464697,64.572276
28.762364,59.076784,39.140079,116.577388,22.464697,64.572276,22.464697,64.572276
28.762364,59.076784,40.073860,115.448323,22.464697,64.572276,22.464697,64.572276
28.762364,59.076784,40.980114,114.295521,22.464697,64.572276,22.464697,64.572276
28.762364,59.076784,41.859486,113.120301,22.464697,64.572276,22.464697,64.572276
28.762364,59.076784,42.712668,111.923915,22.464697,64.572276,22.464697,64.572276
28.762364,59.076784,43.540386,110.707557,22.464697,64.572276,22.464697,64.572276
28.762364,59.076784,44.343393,109.472362,22.464697,64.572276,22.464697,64.572276
28.762364,59.076784,45.122452,108.219409,22.464697,64.572276,22.464697,64.572276
28.762364,59.076784,45.878338,106.949719,22.464697,64.572276,22.464697,64.572276
28.762364,59.076784,46.611821,105.664267,22.464697,64.572276,22.464697,64.572276
