10.219386,105.816761,10.219386,105.816761,28.762364,59.076784,28.762364,59.076784
10.219386,105.816761,10.219386,105.816761,28.762364,59.076784,27.609892,60.529872
10.219386,105.816761,10.219386,105.816761,28.762364,59.076784,26.462915,61.986125
10.219386,105.816761,10.219386,105.816761,28.762364,59.076784,25.322074,63.444926
10.219386,105.816761,10.219386,105.816761,28.762364,59.076784,24.188007,64.905691
10.219386,105.816761,10.219386,105.816761,28.762364,59.076784,23.061352,66.367867
10.219386,105.816761,10.219386,105.816761,28.762364,59.076784,21.942750,67.830921
10.219386,105.816761,10.219386,105.816761,28.762364,59.076784,20.832849,69.294344
10.219386,105.816761,10.219386,105.816761,28.762364,59.076784,19.732302,70.757642
10.219386,105.816761,10.219386,105.816761,28.762364,59.076784,18.641778,72.220334
10.219386,105.816761,10.219386,105.816761,28.762364,59.076784,17.561953,73.681953
10.219386,105.816761,10.219386,105.816761,28.762364,59.076784,16.493523,75.142037
10.219386,105.816761,10.219386,105.816761,28.762364,59.076784,15.437201,76.600130
10.219386,105.816761,10.219386,105.816761,28.762364,59.076784,14.393719,78.055780
10.219386,105.816761,10.219386,105.816761,28.762364,59.076784,13.363831,79.508536
10.219386,105.816761,10.219386,105.816761,28.762364,59.076784,12.348319,80.957944
10.219386,105.816761,10.219386,105.816761,28.762364,59.076784,11.347987,82.403547
10.219386,105.816761,10.219386,105.816761,28.762364,59.076784,10.363671,83.844885
10.219386,105.816761,10.219386,105.816761,28.762364,59.076784,9.396239,85.281486
10.219386,105.816761,10.219386,105.816761,28.762364,59.076784,8.446591,86.712872
10.219386,105.816761,10.219386,105.816761,28.762364,59.076784,7.515664,88.138551
10.219386,105.816761,10.219386,105.816761,28.762364,59.076784,6.604432,89.558020
10.219386,105.816761,10.219386,105.816761,28.762364,59.076784,5.713910,90.970757
10.219386,105.816761,10.219386,105.816761,28.762364,59.076784,4.845157,92.376225
10.219386,105.816761,10.219386,105.816761,28.762364,59.076784,3.999274,93.773866
10.219386,105.816761,10.219386,105.816761,28.762364,59.076784,3.177412,95.163099
10.219386,105.816761,10.219386,105.816761,28.762364,59.076784,2.380770,96.543321
10.219386,105.816761,10.219386,105.816761,28.762364,59.076784,1.610598,97.913902
10.219386,105.816761,10.219386,105.816761,28.762364,59.076784,0.868200,99.274180
10.219386,105.816761,10.219386,105.816761,28.762364,59.076784,0.154932,100.623467
10.219386,105.816761,10.219386,105.816761,28.762364,59.076784,-0.527790,101.961038
10.219386,105.816761,10.219386,105.816761,28.762364,59.076784,-1.178497,103.286131
10.219386,105.816761,10.219386,105.816761,28.762364,59.076784,-1.795660,104.597948
10.219386,105.816761,10.219386,105.816761,28.762364,59.076784,-2.377693,105.895648
10.219386,105.816761,10.219386,105.816761,28.762364,59.076784,-2.922951,107.178346
10.219386,105.816761,10.219386,105.816761,28.762364,59.076784,-3.429735,108.445110
10.219386,105.816761,10.219386,105.816761,28.762364,59.076784,-3.896292,109.694960
10.219386,105.816761,10.219386,105.816761,28.762364,59.076784,-4.320816,110.926861
10.219386,105.816761,10.219386,105.816761,28.762364,59.076784,-4.701456,112.139726
10.219386,105.816761,10.219386,105.816761,28.762364,59.076784,-5.036320,113.332410
10.219386,105.816761,10.219386,105.816761,28.762364,59.076784,-5.323481,114.503709
10.219386,105.816761,10.219386,105.816761,28.762364,59.076784,-5.560991,115.652358
10.219386,105.816761,10.219386,105.816761,28.762364,59.076784,-5.746885,116.777027
10.219386,105.816761,10.219386,105.816761,28.762364,59.076784,-5.879201,117.876326
10.219386,105.816761,10.219386,105.816761,28.762364,59.076784,-5.955993,118.948799
10.219386,105.816761,10.219386,105.816761,28.762364,59.076784,-5.975353,119.992924
10.219386,105.816761,10.219386,105.816761,28.762364,59.076784,-5.935426,121.007118
10.219386,105.816761,10.219386,105.816761,28.762364,59.076784,-5.834444,121.989737
10.219386,105.816761,10.219386,105.816761,28.762364,59.076784,-5.670748,122.939078
10.219386,105.816761,10.219386,105.816761,28.762364,59.076784,-5.442820,123.853386
10.219386,105.816761,10.219386,105.816761,28.762364,59.076784,-5.149317,124.730858
10.219386,105.816761,10.219386,105.816761,28.762364,59.076784,-4.789111,125.569651
10.219386,105.816761,10.219386,105.816761,28.762364,59.076784,-4.361319,126.367894
10.219386,105.816761,10.219386,105.816761,28.762364,59.076784,-3.865354,127.123697
10.219386,105.816761,10.219386,105.816761,28.762364,59.076784,-3.300952,127.835165
10.219386,105.816761,10.219386,105.816761,28.762364,59.076784,-2.668221,128.500413
10.219386,105.816761,10.219386,105.816761,28.762364,59.076784,-1.967672,129.117586
10.219386,105.816761,10.219386,105.816761,28.762364,59.076784,-1.200251,129.684874
10.219386,105.816761,10.219386,105.816761,28.762364,59.076784,-0.367366,130.200538
10.219386,105.816761,10.219386,105.816761,28.762364,59.076784,0.529093,130.662926
10.219386,105.816761,10.219386,105.816761,28.762364,59.076784,1.486750,131.070498
10.219386,105.816761,10.219386,105.816761,28.762364,59.076784,2.502737,131.421849
10.219386,105.816761,10.219386,105.816761,28.762364,59.076784,3.573715,131.715732
10.219386,105.816761,10.219386,105.816761,28.762364,59.076784,4.695895,131.951072
10.219386,105.816761,10.219386,105.816761,28.762364,59.076784,5.865080,132.126992
10.219386,105.816761,10.219386,105.816761,28.762364,59.076784,7.076714,132.242826
10.219386,105.816761,10.219386,105.816761,28.762364,59.076784,8.325943,132.298128
10.219386,105.816761,10.219386,105.816761,28.762364,59.076784,9.607687,132.292685
10.219386,105.816761,10.219386,105.816761,28.762364,59.076784,10.916718,132.226517
10.219386,105.816761,10.219386,105.816761,28.762364,59.076784,12.247733,132.099881
10.219386,105.816761,10.219386,105.816761,28.762364,59.076784,13.595443,131.913261
10.219386,105.816761,10.219386,105.816761,28.762364,59.076784,14.954646,131.667364
10.219386,105.816761,10.219386,105.816761,28.762364,59.076784,16.320300,131.363103
10.219386,105.816761,10.219386,105.816761,28.762364,59.076784,17.687590,131.001584
10.219386,105.816761,10.219386,105.816761,28.762364,59.076784,19.051979,130.584085
10.219386,105.816761,10.219386,105.816761,28.762364,59.076784,20.409259,130.112037
10.219386,105.816761,10.219386,105.816761,28.762364,59.076784,21.755578,129.587002
10.219386,105.816761,10.219386,105.816761,28.762364,59.076784,23.087465,129.010647
10.219386,105.816761,10.219386,105.816761,28.762364,59.076784,24.401841,128.384728
10.219386,105.816761,10.219386,105.816761,28.762364,59.076784,25.696023,127.711063
10.219386,105.816761,10.219386,105.816761,28.762364,59.076784,26.967710,126.991514
10.219386,105.816761,10.219386,105.816761,28.762364,59.076784,28.214979,126.227970
10.219386,105.816761,10.219386,105.816761,28.762364,59.076784,29.436257,125.422324
10.219386,105.816761,10.219386,105.816761,28.762364,59.076784,30.630302,124.576466
10.219386,105.816761,10.219386,105.816761,28.762364,59.076784,31.796173,123.692261
10.219386,105.816761,10.219386,105.816761,28.762364,59.076784,32.933206,122.771546
10.219386,105.816761,10.219386,105.816761,28.762364,59.076784,34.040982,121.816116
10.219386,105.816761,10.219386,105.816761,28.762364,59.076784,35.119300,120.827718
10.219386,105.816761,10.219386,105.816761,28.762364,59.076784,36.168148,119.808043
10.219386,105.816761,10.219386,105.816761,28.762364,59.076784,37.187680,118.758725
10.219386,105.816761,10.219386,105.816761,28.762364,59.076784,38.178188,117.681337
10.219386,105.816761,10.219386,105.816761,28.762364,59.076784,39.140079,116.577388
10.219386,105.816761,10.219386,105.816761,28.762364,59.076784,40.073860,115.448323
10.219386,105.816761,10.219386,105.816761,28.762364,59.076784,40.980114,114.295521
10.219386,105.816761,10.219386,105.816761,28.762364,59.076784,41.859486,113.120301
10.219386,105.816761,10.219386,105.816761,28.762364,59.076784,42.712668,111.923915
10.219386,105.816761,10.219386,105.816761,28.762364,59.076784,43.540386,110.707557
10.219386,105.816761,10.219386,105.816761,28.762364,59.076784,44.343393,109.472362
10.219386,105.816761,10.219386,105.816761,28.762364,59.076784,45.122452,108.219409
10.219386,105.816761,10.219386,105.816761,28.762364,59.076784,45.878338,106.949719
10.219386,105.816761,10.219386,105.816761,28.762364,59.076784,46.611821,105.664267
