6.484060,92.738508,6.484060,92.738508,43.762364,59.076784,43.762364,59.076784
6.484060,92.738508,6.484060,92.738508,43.762364,59.076784,42.777311,60.243487
6.484060,92.738508,6.484060,92.738508,43.762364,59.076784,41.791758,61.423106
6.484060,92.738508,6.484060,92.738508,43.762364,59.076784,40.806529,62.614548
6.484060,92.738508,6.484060,92.738508,43.762364,59.076784,39.822435,63.816779
6.484060,92.738508,6.484060,92.738508,43.762364,59.076784,38.840266,65.028815
6.484060,92.738508,6.484060,92.738508,43.762364,59.076784,37.860803,66.249716
6.484060,92.738508,6.484060,92.738508,43.762364,59.076784,36.884815,67.478590
6.484060,92.738508,6.484060,92.738508,43.762364,59.076784,35.913060,68.714580
6.484060,92.738508,6.484060,92.738508,43.762364,59.076784,34.946295,69.956868
6.484060,92.738508,6.484060,92.738508,43.762364,59.076784,33.985268,71.204666
6.484060,92.738508,6.484060,92.738508,43.762364,59.076784,33.030729,72.457215
6.484060,92.738508,6.484060,92.738508,43.762364,59.076784,32.083428,73.713785
6.484060,92.738508,6.484060,92.738508,43.762364,59.076784,31.144116,74.973664
6.484060,92.738508,6.484060,92.738508,43.762364,59.076784,30.213550,76.236165
6.484060,92.738508,6.484060,92.738508,43.762364,59.076784,29.292495,77.500614
6.484060,92.738508,6.484060,92.738508,43.762364,59.076784,28.381723,78.766355
6.484060,92.738508,6.484060,92.738508,43.762364,59.076784,27.482017,80.032742
6.484060,92.738508,6.484060,92.738508,43.762364,59.076784,26.594173,81.299140
6.484060,92.738508,6.484060,92.738508,43.762364,59.076784,25.718999,82.564920
6.484060,92.738508,6.484060,92.738508,43.762364,59.076784,24.857323,83.829460
6.484060,92.738508,6.484060,92.738508,43.762364,59.076784,24.009987,85.092139
6.484060,92.738508,6.484060,92.738508,43.762364,59.076784,23.177855,86.352338
6.484060,92.738508,6.484060,92.738508,43.762364,59.076784,22.361810,87.609436
6.484060,92.738508,6.484060,92.738508,43.762364,59.076784,21.562759,88.862810
6.484060,92.738508,6.484060,92.738508,43.762364,59.076784,20.781632,90.111830
6.484060,92.738508,6.484060,92.738508,43.762364,59.076784,20.019384,91.355859
6.484060,92.738508,6.484060,92.738508,43.762364,59.076784,19.276997,92.594253
6.484060,92.738508,6.484060,92.738508,43.762364,59.076784,18.555481,93.826352
6.484060,92.738508,6.484060,92.738508,43.762364,59.076784,17.855875,95.051487
6.484060,92.738508,6.484060,92.738508,43.762364,59.076784,17.179245,96.268972
6.484060,92.738508,6.484060,92.738508,43.762364,59.076784,16.526690,97.478104
6.484060,92.738508,6.484060,92.738508,43.762364,59.076784,15.899339,98.678163
6.484060,92.738508,6.484060,92.738508,43.762364,59.076784,15.298349,99.868404
6.484060,92.738508,6.484060,92.738508,43.762364,59.076784,14.724911,101.048065
6.484060,92.738508,6.484060,92.738508,43.762364,59.076784,14.180244,102.216354
6.484060,92.738508,6.484060,92.738508,43.762364,59.076784,13.665595,103.372456
6.484060,92.738508,6.484060,92.738508,43.762364,59.076784,13.182239,104.515528
6.484060,92.738508,6.484060,92.738508,43.762364,59.076784,12.731479,105.644695
6.484060,92.738508,6.484060,92.738508,43.762364,59.076784,12.314637,106.759054
6.484060,92.738508,6.484060,92.738508,43.762364,59.076784,11.933055,107.857666
6.484060,92.738508,6.484060,92.738508,43.762364,59.076784,11.588093,108.939561
6.484060,92.738508,6.484060,92.738508,43.762364,59.076784,11.281119,110.003731
6.484060,92.738508,6.484060,92.738508,43.762364,59.076784,11.013504,111.049135
6.484060,92.738508,6.484060,92.738508,43.762364,59.076784,10.786619,112.074693
6.484060,92.738508,6.484060,92.738508,43.762364,59.076784,10.601823,113.079287
6.484060,92.738508,6.484060,92.738508,43.762364,59.076784,10.460453,114.061766
6.484060,92.738508,6.484060,92.738508,43.762364,59.076784,10.363817,115.020938
6.484060,92.738508,6.484060,92.738508,43.762364,59.076784,10.313178,115.955577
6.484060,92.738508,6.484060,92.738508,43.762364,59.076784,10.309745,116.864423
6.484060,92.738508,6.484060,92.738508,43.762364,59.076784,10.354654,117.746183
6.484060,92.738508,6.484060,92.738508,43.762364,59.076784,10.448953,118.599534
6.484060,92.738508,6.484060,92.738508,43.762364,59.076784,10.593587,119.423129
6.484060,92.738508,6.484060,92.738508,43.762364,59.076784,10.789378,120.215596
6.484060,92.738508,6.484060,92.738508,43.762364,59.076784,11.037004,120.975550
6.484060,92.738508,6.484060,92.738508,43.762364,59.076784,11.336984,121.701594
6.484060,92.738508,6.484060,92.738508,43.762364,59.076784,11.689654,122.392326
6.484060,92.738508,6.484060,92.738508,43.762364,59.076784,12.095148,123.046351
6.484060,92.738508,6.484060,92.738508,43.762364,59.076784,12.553382,123.662288
6.484060,92.738508,6.484060,92.738508,43.762364,59.076784,13.064031,124.238776
6.484060,92.738508,6.484060,92.738508,43.762364,59.076784,13.626518,124.774492
6.484060,92.738508,6.484060,92.738508,43.762364,59.076784,14.240002,125.268156
6.484060,92.738508,6.484060,92.738508,43.762364,59.076784,14.903362,125.718545
6.484060,92.738508,6.484060,92.738508,43.762364,59.076784,15.615198,126.124507
6.484060,92.738508,6.484060,92.738508,43.762364,59.076784,16.373824,126.484970
6.484060,92.738508,6.484060,92.738508,43.762364,59.076784,17.177276,126.798955
6.484060,92.738508,6.484060,92.738508,43.762364,59.076784,18.023321,127.065590
6.484060,92.738508,6.484060,92.738508,43.762364,59.076784,18.909468,127.284116
6.484060,92.738508,6.484060,92.738508,43.762364,59.076784,19.832990,127.453902
6.484060,92.738508,6.484060,92.738508,43.762364,59.076784,20.790949,127.574449
6.484060,92.738508,6.484060,92.738508,43.762364,59.076784,21.780228,127.645400
6.484060,92.738508,6.484060,92.738508,43.762364,59.076784,22.797559,127.666543
6.484060,92.738508,6.484060,92.738508,43.762364,59.076784,23.839567,127.637815
6.484060,92.738508,6.484060,92.738508,43.762364,59.076784,24.902802,127.559302
6.484060,92.738508,6.484060,92.738508,43.762364,59.076784,25.983784,127.431238
6.484060,92.738508,6.484060,92.738508,43.762364,59.076784,27.079040,127.254002
6.484060,92.738508,6.484060,92.738508,43.762364,59.076784,28.185145,127.028114
6.484060,92.738508,6.484060,92.738508,43.762364,59.076784,29.298755,126.754224
6.484060,92.738508,6.484060,92.738508,43.762364,59.076784,30.416640,126.433109
6.484060,92.738508,6.484060,92.738508,43.762364,59.076784,31.535718,126.065660
6.484060,92.738508,6.484060,92.738508,43.762364,59.076784,32.653073,125.652868
6.484060,92.738508,6.484060,92.738508,43.762364,59.076784,33.765977,125.195819
6.484060,92.738508,6.484060,92.738508,43.762364,59.076784,34.871910,124.695678
6.484060,92.738508,6.484060,92.738508,43.762364,59.076784,35.968562,124.153676
6.484060,92.738508,6.484060,92.738508,43.762364,59.076784,37.053844,123.571100
6.484060,92.738508,6.484060,92.738508,43.762364,59.076784,38.125888,122.949281
6.484060,92.738508,6.484060,92.738508,43.762364,59.076784,39.183045,122.289582
6.484060,92.738508,6.484060,92.738508,43.762364,59.076784,40.223880,121.593388
6.484060,92.738508,6.484060,92.738508,43.762364,59.076784,41.247161,120.862096
6.484060,92.738508,6.484060,92.738508,43.762364,59.076784,42.251855,120.097106
6.484060,92.738508,6.484060,92.738508,43.762364,59.076784,43.237108,119.299814
6.484060,92.738508,6.484060,92.738508,43.762364,59.076784,44.202238,118.471605
6.484060,92.738508,6.484060,92.738508,43.762364,59.076784,45.146719,117.613845
6.484060,92.738508,6.484060,92.738508,43.762364,59.076784,46.070169,116.727881
6.484060,92.738508,6.484060,92.738508,43.762364,59.076784,46.972332,115.815028
6.484060,92.738508,6.484060,92.738508,43.762364,59.076784,47.853068,114.876577
6.484060,92.738508,6.484060,92.738508,43.762364,59.076784,48.712340,113.913781
6.484060,92.738508,6.484060,92.738508,43.762364,59.076784,49.550197,112.927862
6.484060,92.738508,6.484060,92.738508,43.762364,59.076784,50.366768,111.920005
6.484060,92.738508,6.484060,92.738508,43.762364,59.076784,51.162247,110.891358
6.484060,92.738508,6.484060,92.738508,43.762364,59.076784,51.936884,109.843030
