35.302722,63.291954,35.302722,63.291954,7.422792,112.024313,7.422792,112.024313
35.302722,63.291954,35.302722,63.291954,7.422792,112.024313,7.143273,112.349946
35.302722,63.291954,35.302722,63.291954,7.422792,112.024313,6.868543,112.679424
35.302722,63.291954,35.302722,63.291954,7.422792,112.024313,6.598924,113.012459
35.302722,63.291954,35.302722,63.291954,7.422792,112.024313,6.334739,113.348758
35.302722,63.291954,35.302722,63.291954,7.422792,112.024313,6.076312,113.688025
35.302722,63.291954,35.302722,63.291954,7.422792,112.024313,5.823968,114.029959
35.302722,63.291954,35.302722,63.291954,7.422792,112.024313,5.578031,114.374254
35.302722,63.291954,35.302722,63.291954,7.422792,112.024313,5.338829,114.720600
35.302722,63.291954,35.302722,63.291954,7.422792,112.024313,5.106687,115.068685
35.302722,63.291954,35.302722,63.291954,7.422792,112.024313,4.881929,115.418191
35.302722,63.291954,35.302722,63.291954,7.422792,112.024313,4.664880,115.768797
35.302722,63.291954,35.302722,63.291954,7.422792,112.024313,4.455861,116.120178
35.302722,63.291954,35.302722,63.291954,7.422792,112.024313,4.255192,116.472006
35.302722,63.291954,35.302722,63.291954,7.422792,112.024313,4.063192,116.823950
35.302722,63.291954,35.302722,63.291954,7.422792,112.024313,3.880173,117.175675
35.302722,63.291954,35.302722,63.291954,7.422792,112.024313,3.706447,117.526843
35.302722,63.291954,35.302722,63.291954,7.422792,112.024313,3.542318,117.877115
35.302722,63.291954,35.302722,63.291954,7.422792,112.024313,3.388086,118.226148
35.302722,63.291954,35.302722,63.291954,7.422792,112.024313,3.244046,118.573596
35.302722,63.291954,35.302722,63.291954,7.422792,112.024313,3.110485,118.919112
35.302722,63.291954,35.302722,63.291954,7.422792,112.024313,2.987682,119.262346
35.302722,63.291954,35.302722,63.291954,7.422792,112.024313,2.875909,119.602948
35.302722,63.291954,35.302722,63.291954,7.422792,112.024313,2.775426,119.940564
35.302722,63.291954,35.302722,63.291954,7.422792,112.024313,2.686485,120.274843
35.302722,63.291954,35.302722,63.291954,7.422792,112.024313,2.609327,120.605429
35.302722,63.291954,35.302722,63.291954,7.422792,112.024313,2.544178,120.931968
35.302722,63.291954,35.302722,63.291954,7.422792,112.024313,2.491254,121.254106
35.302722,63.291954,35.302722,63.291954,7.422792,112.024313,2.450754,121.571487
35.302722,63.291954,35.302722,63.291954,7.422792,112.024313,2.422864,121.883759
35.302722,63.291954,35.302722,63.291954,7.422792,112.024313,2.407751,122.190569
35.302722,63.291954,35.302722,63.291954,7.422792,112.024313,2.405568,122.491567
35.302722,63.291954,35.302722,63.291954,7.422792,112.024313,2.416447,122.786403
35.302722,63.291954,35.302722,63.291954,7.422792,112.024313,2.440502,123.074733
35.302722,63.291954,35.302722,63.291954,7.422792,112.024313,2.477825,123.356214
35.302722,63.291954,35.302722,63.291954,7.422792,112.024313,2.528488,123.630506
35.302722,63.291954,35.302722,63.291954,7.422792,112.024313,2.592541,123.897277
35.302722,63.291954,35.302722,63.291954,7.422792,112.024313,2.670008,124.156196
35.302722,63.291954,35.302722,63.291954,7.422792,112.024313,2.760892,124.406940
35.302722,63.291954,35.302722,63.291954,7.422792,112.024313,2.865170,124.649192
35.302722,63.291954,35.302722,63.291954,7.422792,112.024313,2.982793,124.882641
35.302722,63.291954,35.302722,63.291954,7.422792,112.024313,3.113685,125.106986
35.302722,63.291954,35.302722,63.291954,7.422792,112.024313,3.257746,125.321931
35.302722,63.291954,35.302722,63.291954,7.422792,112.024313,3.414845,125.527193
35.302722,63.291954,35.302722,63.291954,7.422792,112.024313,3.584826,125.722497
35.302722,63.291954,35.302722,63.291954,7.422792,112.024313,3.767505,125.907577
35.302722,63.291954,35.302722,63.291954,7.422792,112.024313,3.962670,126.082181
35.302722,63.291954,35.302722,63.291954,7.422792,112.024313,4.170082,126.246068
35.302722,63.291954,35.302722,63.291954,7.422792,112.024313,4.389472,126.399010
35.302722,63.291954,35.302722,63.291954,7.422792,112.024313,4.620546,126.540792
35.302722,63.291954,35.302722,63.291954,7.422792,112.024313,4.862985,126.671212
35.302722,63.291954,35.302722,63.291954,7.422792,112.024313,5.116440,126.790085
35.302722,63.291954,35.302722,63.291954,7.422792,112.024313,5.380540,126.897240
35.302722,63.291954,35.302722,63.291954,7.422792,112.024313,5.654889,126.992522
35.302722,63.291954,35.302722,63.291954,7.422792,112.024313,5.939068,127.075793
35.302722,63.291954,35.302722,63.291954,7.422792,112.024313,6.232637,127.146931
35.302722,63.291954,35.302722,63.291954,7.422792,112.024313,6.535134,127.205831
35.302722,63.291954,35.302722,63.291954,7.422792,112.024313,6.846081,127.252406
35.302722,63.291954,35.302722,63.291954,7.422792,112.024313,7.164979,127.286589
35.302722,63.291954,35.302722,63.291954,7.422792,112.024313,7.491318,127.308327
35.302722,63.291954,35.302722,63.291954,7.422792,112.024313,7.824570,127.317590
35.302722,63.291954,35.302722,63.291954,7.422792,112.024313,8.164199,127.314363
35.302722,63.291954,35.302722,63.291954,7.422792,112.024313,8.509658,127.298651
35.302722,63.291954,35.302722,63.291954,7.422792,112.024313,8.860390,127.270477
35.302722,63.291954,35.302722,63.291954,7.422792,112.024313,9.215837,127.229883
35.302722,63.291954,35.302722,63.291954,7.422792,112.024313,9.575432,127.176929
35.302722,63.291954,35.302722,63.291954,7.422792,112.024313,9.938610,127.111694
35.302722,63.291954,35.302722,63.291954,7.422792,112.024313,10.304804,127.034273
35.302722,63.291954,35.302722,63.291954,7.422792,112.024313,10.673451,126.944779
35.302722,63.291954,35.302722,63.291954,7.422792,112.024313,11.043991,126.843344
35.302722,63.291954,35.302722,63.291954,7.422792,112.024313,11.415869,126.730113
35.302722,63.291954,35.302722,63.291954,7.422792,112.024313,11.788538,126.605251
35.302722,63.291954,35.302722,63.291954,7.422792,112.024313,12.161461,126.468936
35.302722,63.291954,35.302722,63.291954,7.422792,112.024313,12.534111,126.321362
35.302722,63.291954,35.302722,63.291954,7.422792,112.024313,12.905971,126.162737
35.302722,63.291954,35.302722,63.291954,7.422792,112.024313,13.276541,125.993282
35.302722,63.291954,35.302722,63.291954,7.422792,112.024313,13.645331,125.813234
35.302722,63.291954,35.302722,63.291954,7.422792,112.024313,14.011868,125.622839
35.302722,63.291954,35.302722,63.291954,7.422792,112.024313,14.375697,125.422356
35.302722,63.291954,35.302722,63.291954,7.422792,112.024313,14.736378,125.212055
35.302722,63.291954,35.302722,63.291954,7.422792,112.024313,15.093487,124.992217
35.302722,63.291954,35.302722,63.291954,7.422792,112.024313,15.446620,124.763130
35.302722,63.291954,35.302722,63.291954,7.422792,112.024313,15.795391,124.525094
35.302722,63.291954,35.302722,63.291954,7.422792,112.024313,16.139431,124.278415
35.302722,63.291954,35.302722,63.291954,7.422792,112.024313,16.478392,124.023407
35.302722,63.291954,35.302722,63.291954,7.422792,112.024313,16.811943,123.760390
35.302722,63.291954,35.302722,63.291954,7.422792,112.024313,17.139771,123.489691
35.302722,63.291954,35.302722,63.291954,7.422792,112.024313,17.461582,123.211642
35.302722,63.291954,35.302722,63.291954,7.422792,112.024313,17.777101,122.926580
35.302722,63.291954,35.302722,63.291954,7.422792,112.024313,18.086070,122.634845
35.302722,63.291954,35.302722,63.291954,7.422792,112.024313,18.388248,122.336781
35.302722,63.291954,35.302722,63.291954,7.422792,112.024313,18.683411,122.032737
35.302722,63.291954,35.302722,63.291954,7.422792,112.024313,18.971352,121.723061
35.302722,63.291954,35.302722,63.291954,7.422792,112.024313,19.251880,121.408104
35.302722,63.291954,35.302722,63.291954,7.422792,112.024313,19.524819,121.088221
35.302722,63.291954,35.302722,63.291954,7.422792,112.024313,19.790008,120.763765
35.302722,63.291954,35.302722,63.291954,7.422792,112.024313,20.047301,120.435091
35.302722,63.291954,35.302722,63.291954,7.422792,112.024313,20.296563,120.102552
35.302722,63.291954,35.302722,63.291954,7.422792,112.024313,20.537676,119.766504
35.302722,63.291954,35.302722,63.291954,7.422792,112.024313,20.770530,119.427301
35.302722,63.291954,35.302722,63.291954,7.422792,112.024313,20.995030,119.085295
