60.903608,76.047872,60.903608,76.047872,21.322301,97.686213,43.302520,114.378346
60.903608,76.047872,60.903608,76.047872,20.736899,98.344715,43.302520,114.378346
60.903608,76.047872,60.903608,76.047872,20.155952,99.011666,43.302520,114.378346
60.903608,76.047872,60.903608,76.047872,19.580055,99.686539,43.302520,114.378346
60.903608,76.047872,60.903608,76.047872,19.009812,100.368807,43.302520,114.378346
60.903608,76.047872,60.903608,76.047872,18.445840,101.057939,43.302520,114.378346
60.903608,76.047872,60.903608,76.047872,17.888764,101.753398,43.302520,114.378346
60.903608,76.047872,60.903608,76.047872,17.339224,102.454647,43.302520,114.378346
60.903608,76.047872,60.903608,76.047872,16.797868,103.161140,43.302520,114.378346
60.903608,76.047872,60.903608,76.047872,16.265356,103.872330,43.302520,114.378346
60.903608,76.047872,60.903608,76.047872,15.742360,104.587664,43.302520,114.378346
60.903608,76.047872,60.903608,76.047872,15.229565,105.306584,43.302520,114.378346
60.903608,76.047872,60.903608,76.047872,14.727664,106.028527,43.302520,114.378346
60.903608,76.047872,60.903608,76.047872,14.237366,106.752924,43.302520,114.378346
60.903608,76.047872,60.903608,76.047872,13.759389,107.479200,43.302520,114.378346
60.903608,76.047872,60.903608,76.047872,13.294464,108.206773,43.302520,114.378346
60.903608,76.047872,60.903608,76.047872,12.843332,108.935055,43.302520,114.378346
60.903608,76.047872,60.903608,76.047872,12.406747,109.663451,43.302520,114.378346
60.903608,76.047872,60.903608,76.047872,11.985471,110.391355,43.302520,114.378346
60.903608,76.047872,60.903608,76.047872,11.580279,111.118157,43.302520,114.378346
60.903608,76.047872,60.903608,76.047872,11.191954,111.843236,43.302520,114.378346
60.903608,76.047872,60.903608,76.047872,10.821288,112.565960,43.302520,114.378346
60.903608,76.047872,60.903608,76.047872,10.469080,113.285692,43.302520,114.378346
60.903608,76.047872,60.903608,76.047872,10.136137,114.001780,43.302520,114.378346
60.903608,76.047872,60.903608,76.047872,9.823270,114.713566,43.302520,114.378346
60.903608,76.047872,60.903608,76.047872,9.531292,115.420378,43.302520,114.378346
60.903608,76.047872,60.903608,76.047872,9.261021,116.121533,43.302520,114.378346
60.903608,76.047872,60.903608,76.047872,9.013271,116.816339,43.302520,114.378346
60.903608,76.047872,60.903608,76.047872,8.788854,117.504091,43.302520,114.378346
60.903608,76.047872,60.903608,76.047872,8.588577,118.184072,43.302520,114.378346
60.903608,76.047872,60.903608,76.047872,8.413236,118.855553,43.302520,114.378346
60.903608,76.047872,60.903608,76.047872,8.263615,119.517795,43.302520,114.378346
60.903608,76.047872,60.903608,76.047872,8.140483,120.170047,43.302520,114.378346
60.903608,76.047872,60.903608,76.047872,8.044585,120.811545,43.302520,114.378346
60.903608,76.047872,60.903608,76.047872,7.976643,121.441518,43.302520,114.378346
60.903608,76.047872,60.903608,76.047872,7.937347,122.059182,43.302520,114.378346
60.903608,76.047872,60.903608,76.047872,7.927353,122.663745,43.302520,114.378346
60.903608,76.047872,60.903608,76.047872,7.947274,123.254407,43.302520,114.378346
60.903608,76.047872,60.903608,76.047872,7.997674,123.830362,43.302520,114.378346
60.903608,76.047872,60.903608,76.047872,8.079065,124.390797,43.302520,114.378346
60.903608,76.047872,60.903608,76.047872,8.191896,124.934896,43.302520,114.378346
60.903608,76.047872,60.903608,76.047872,8.336550,125.461841,43.302520,114.378346
60.903608,76.047872,60.903608,76.047872,8.513334,125.970817,43.302520,114.378346
60.903608,76.047872,60.903608,76.047872,8.722473,126.461007,43.302520,114.378346
60.903608,76.047872,60.903608,76.047872,8.964105,126.931605,43.302520,114.378346
60.903608,76.047872,60.903608,76.047872,9.238272,127.381810,43.302520,114.378346
60.903608,76.047872,60.903608,76.047872,9.544911,127.810836,43.302520,114.378346
60.903608,76.047872,60.903608,76.047872,9.883857,128.217909,43.302520,114.378346
60.903608,76.047872,60.903608,76.047872,10.254826,128.602277,43.302520,114.378346
60.903608,76.047872,60.903608,76.047872,10.657422,128.963210,43.302520,114.378346
60.903608,76.047872,60.903608,76.047872,11.091123,129.300006,43.302520,114.378346
60.903608,76.047872,60.903608,76.047872,11.555287,129.611992,43.302520,114.378346
60.903608,76.047872,60.903608,76.047872,12.049144,129.898533,43.302520,114.378346
60.903608,76.047872,60.903608,76.047872,12.571803,130.159032,43.302520,114.378346
60.903608,76.047872,60.903608,76.047872,13.122246,130.392937,43.302520,114.378346
60.903608,76.047872,60.903608,76.047872,13.699336,130.599741,43.302520,114.378346
60.903608,76.047872,60.903608,76.047872,14.301822,130.778990,43.302520,114.378346
60.903608,76.047872,60.903608,76.047872,14.928341,130.930287,43.302520,114.378346
60.903608,76.047872,60.903608,76.047872,15.577431,131.053290,43.302520,114.378346
60.903608,76.047872,60.903608,76.047872,16.247535,131.147720,43.302520,114.378346
60.903608,76.047872,60.903608,76.047872,16.937016,131.213360,43.302520,114.378346
60.903608,76.047872,60.903608,76.047872,17.644165,131.250058,43.302520,114.378346
60.903608,76.047872,60.903608,76.047872,18.367217,131.257730,43.302520,114.378346
60.903608,76.047872,60.903608,76.047872,19.104362,131.236358,43.302520,114.378346
60.903608,76.047872,60.903608,76.047872,19.853759,131.185992,43.302520,114.378346
60.903608,76.047872,60.903608,76.047872,20.613552,131.106747,43.302520,114.378346
60.903608,76.047872,60.903608,76.047872,21.381883,130.998806,43.302520,114.378346
60.903608,76.047872,60.903608,76.047872,22.156903,130.862416,43.302520,114.378346
60.903608,76.047872,60.903608,76.047872,22.936790,130.697886,43.302520,114.378346
60.903608,76.047872,60.903608,76.047872,23.719761,130.505584,43.302520,114.378346
60.903608,76.047872,60.903608,76.047872,24.504077,130.285935,43.302520,114.378346
60.903608,76.047872,60.903608,76.047872,25.288064,130.039418,43.302520,114.378346
60.903608,76.047872,60.903608,76.047872,26.070110,129.766562,43.302520,114.378346
60.903608,76.047872,60.903608,76.047872,26.848685,129.467939,43.302520,114.378346
60.903608,76.047872,60.903608,76.047872,27.622338,129.144167,43.302520,114.378346
60.903608,76.047872,60.903608,76.047872,28.389706,128.795899,43.302520,114.378346
60.903608,76.047872,60.903608,76.047872,29.149517,128.423820,43.302520,114.378346
60.903608,76.047872,60.903608,76.047872,29.900593,128.028648,43.302520,114.378346
60.903608,76.047872,60.903608,76.047872,30.641850,127.611123,43.302520,114.378346
60.903608,76.047872,60.903608,76.047872,31.372299,127.172009,43.302520,114.378346
60.903608,76.047872,60.903608,76.047872,32.091042,126.712084,43.302520,114.378346
60.903608,76.047872,60.903608,76.047872,32.797276,126.232143,43.302520,114.378346
60.903608,76.047872,60.903608,76.047872,33.490282,125.732989,43.302520,114.378346
60.903608,76.047872,60.903608,76.047872,34.169429,125.215434,43.302520,114.378346
60.903608,76.047872,60.903608,76.047872,34.834167,124.680294,43.302520,114.378346
60.903608,76.047872,60.903608,76.047872,35.484021,124.128387,43.302520,114.378346
60.903608,76.047872,60.903608,76.047872,36.118590,123.560529,43.302520,114.378346
60.903608,76.047872,60.903608,76.047872,36.737538,122.977535,43.302520,114.378346
60.903608,76.047872,60.903608,76.047872,37.340592,122.380214,43.302520,114.378346
60.903608,76.047872,60.903608,76.047872,37.927539,121.769371,43.302520,114.378346
60.903608,76.047872,60.903608,76.047872,38.498214,121.145802,43.302520,114.378346
60.903608,76.047872,60.903608,76.047872,39.052502,120.510295,43.302520,114.378346
60.903608,76.047872,60.903608,76.047872,39.590332,119.863628,43.302520,114.378346
60.903608,76.047872,60.903608,76.047872,40.111668,119.206569,43.302520,114.378346
60.903608,76.047872,60.903608,76.047872,40.616510,118.539875,43.302520,114.378346
60.903608,76.047872,60.903608,76.047872,41.104889,117.864292,43.302520,114.378346
60.903608,76.047872,60.903608,76.047872,41.576860,117.180555,43.302520,114.378346
60.903608,76.047872,60.903608,76.047872,42.032503,116.489387,43.302520,114.378346
60.903608,76.047872,60.903608,76.047872,42.471916,115.791498,43.302520,114.378346
60.903608,76.047872,60.903608,76.047872,42.895212,115.087589,43.302520,114.378346
60.903608,76.047872,60.903608,76.047872,43.302520,114.378346,43.302520,114.378346
