44.583594,67.394418,73.532540,82.169823,50.302722,63.291954,50.302722,63.291954
43.623464,68.839523,73.532540,82.169823,50.302722,63.291954,50.302722,63.291954
42.678814,70.276699,73.532540,82.169823,50.302722,63.291954,50.302722,63.291954
41.750243,71.705658,73.532540,82.169823,50.302722,63.291954,50.302722,63.291954
40.838370,73.126094,73.532540,82.169823,50.302722,63.291954,50.302722,63.291954
39.943840,74.537683,73.532540,82.169823,50.302722,63.291954,50.302722,63.291954
39.067321,75.940081,73.532540,82.169823,50.302722,63.291954,50.302722,63.291954
38.209508,77.332926,73.532540,82.169823,50.302722,63.291954,50.302722,63.291954
37.371119,78.715834,73.532540,82.169823,50.302722,63.291954,50.302722,63.291954
36.552901,80.088403,73.532540,82.169823,50.302722,63.291954,50.302722,63.291954
35.755625,81.450206,73.532540,82.169823,50.302722,63.291954,50.302722,63.291954
34.980088,82.800797,73.532540,82.169823,50.302722,63.291954,50.302722,63.291954
34.227114,84.139704,73.532540,82.169823,50.302722,63.291954,50.302722,63.291954
33.497555,85.466433,73.532540,82.169823,50.302722,63.291954,50.302722,63.291954
32.792287,86.780464,73.532540,82.169823,50.302722,63.291954,50.302722,63.291954
32.112215,88.081252,73.532540,82.169823,50.302722,63.291954,50.302722,63.291954
31.458267,89.368225,73.532540,82.169823,50.302722,63.291954,50.302722,63.291954
30.831397,90.640782,73.532540,82.169823,50.302722,63.291954,50.302722,63.291954
30.232582,91.898295,73.532540,82.169823,50.302722,63.291954,50.302722,63.291954
29.662824,93.140108,73.532540,82.169823,50.302722,63.291954,50.302722,63.291954
29.123142,94.365530,73.532540,82.169823,50.302722,63.291954,50.302722,63.291954
28.614576,95.573843,73.532540,82.169823,50.302722,63.291954,50.302722,63.291954
28.138182,96.764295,73.532540,82.169823,50.302722,63.291954,50.302722,63.291954
27.695028,97.936102,73.532540,82.169823,50.302722,63.291954,50.302722,63.291954
27.286194,99.088447,73.532540,82.169823,50.302722,63.291954,50.302722,63.291954
26.912762,100.220479,73.532540,82.169823,50.302722,63.291954,50.302722,63.291954
26.575816,101.331314,73.532540,82.169823,50.302722,63.291954,50.302722,63.291954
26.276435,102.420033,73.532540,82.169823,50.302722,63.291954,50.302722,63.291954
26.015687,103.485684,73.532540,82.169823,50.302722,63.291954,50.302722,63.291954
25.794620,104.527281,73.532540,82.169823,50.302722,63.291954,50.302722,63.291954
25.614258,105.543806,73.532540,82.169823,50.302722,63.291954,50.302722,63.291954
25.475588,106.534211,73.532540,82.169823,50.302722,63.291954,50.302722,63.291954
25.379552,107.497417,73.532540,82.169823,50.302722,63.291954,50.302722,63.291954
25.327039,108.432318,73.532540,82.169823,50.302722,63.291954,50.302722,63.291954
25.318872,109.337781,73.532540,82.169823,50.302722,63.291954,50.302722,63.291954
25.355794,110.212652,73.532540,82.169823,50.302722,63.291954,50.302722,63.291954
25.438459,111.055760,73.532540,82.169823,50.302722,63.291954,50.302722,63.291954
25.567419,111.865917,73.532540,82.169823,50.302722,63.291954,50.302722,63.291954
25.743108,112.641926,73.532540,82.169823,50.302722,63.291954,50.302722,63.291954
25.965830,113.382588,73.532540,82.169823,50.302722,63.291954,50.302722,63.291954
26.235749,114.086702,73.532540,82.169823,50.302722,63.291954,50.302722,63.291954
26.552870,114.753080,73.532540,82.169823,50.302722,63.291954,50.302722,63.291954
26.917033,115.380547,73.532540,82.169823,50.302722,63.291954,50.302722,63.291954
27.327898,115.967954,73.532540,82.169823,50.302722,63.291954,50.302722,63.291954
27.784940,116.514181,73.532540,82.169823,50.302722,63.291954,50.302722,63.291954
28.287435,117.018154,73.532540,82.169823,50.302722,63.291954,50.302722,63.291954
28.834462,117.478844,73.532540,82.169823,50.302722,63.291954,50.302722,63.291954
29.424895,117.895284,73.532540,82.169823,50.302722,63.291954,50.302722,63.291954
30.057405,118.266574,73.532540,82.169823,50.302722,63.291954,50.302722,63.291954
30.730463,118.591891,73.532540,82.169823,50.302722,63.291954,50.302722,63.291954
31.442346,118.870499,73.532540,82.169823,50.302722,63.291954,50.302722,63.291954
32.191147,119.101753,73.532540,82.169823,50.302722,63.291954,50.302722,63.291954
32.974788,119.285109,73.532540,82.169823,50.302722,63.291954,50.302722,63.291954
33.791037,119.420132,73.532540,82.169823,50.302722,63.291954,50.302722,63.291954
34.637524,119.506496,73.532540,82.169823,50.302722,63.291954,50.302722,63.291954
35.511765,119.543991,73.532540,82.169823,50.302722,63.291954,50.302722,63.291954
36.411184,119.532527,73.532540,82.169823,50.302722,63.291954,50.302722,63.291954
37.333141,119.472131,73.532540,82.169823,50.302722,63.291954,50.302722,63.291954
38.274953,119.362950,73.532540,82.169823,50.302722,63.291954,50.302722,63.291954
39.233923,119.205248,73.532540,82.169823,50.302722,63.291954,50.302722,63.291954
40.207365,118.999403,73.532540,82.169823,50.302722,63.291954,50.302722,63.291954
41.192629,118.745902,73.532540,82.169823,50.302722,63.291954,50.302722,63.291954
42.187124,118.445337,73.532540,82.169823,50.302722,63.291954,50.302722,63.291954
43.188339,118.098396,73.532540,82.169823,50.302722,63.291954,50.302722,63.291954
44.193864,117.705858,73.532540,82.169823,50.302722,63.291954,50.302722,63.291954
45.201401,117.268582,73.532540,82.169823,50.302722,63.291954,50.302722,63.291954
46.208786,116.787502,73.532540,82.169823,50.302722,63.291954,50.302722,63.291954
47.213989,116.263612,73.532540,82.169823,50.302722,63.291954,50.302722,63.291954
48.215133,115.697967,73.532540,82.169823,50.302722,63.291954,50.302722,63.291954
49.210490,115.091661,73.532540,82.169823,50.302722,63.291954,50.302722,63.291954
50.198489,114.445829,73.532540,82.169823,50.302722,63.291954,50.302722,63.291954
51.177712,113.761634,73.532540,82.169823,50.302722,63.291954,50.302722,63.291954
52.146897,113.040258,73.532540,82.169823,50.302722,63.291954,50.302722,63.291954
53.104930,112.282896,73.532540,82.169823,50.302722,63.291954,50.302722,63.291954
54.050840,111.490748,73.532540,82.169823,50.302722,63.291954,50.302722,63.291954
54.983796,110.665014,73.532540,82.169823,50.302722,63.291954,50.302722,63.291954
55.903095,109.806886,73.532540,82.169823,50.302722,63.291954,50.302722,63.291954
56.808158,108.917546,73.532540,82.169823,50.302722,63.291954,50.302722,63.291954
57.698518,107.998157,73.532540,82.169823,50.302722,63.291954,50.302722,63.291954
58.573813,107.049863,73.532540,82.169823,50.302722,63.291954,50.302722,63.291954
59.433777,106.073785,73.532540,82.169823,50.302722,63.291954,50.302722,63.291954
60.278233,105.071017,73.532540,82.169823,50.302722,63.291954,50.302722,63.291954
61.107080,104.042623,73.532540,82.169823,50.302722,63.291954,50.302722,63.291954
61.920288,102.989639,73.532540,82.169823,50.302722,63.291954,50.302722,63.291954
62.717892,101.913066,73.532540,82.169823,50.302722,63.291954,50.302722,63.291954
63.499979,100.813875,73.532540,82.169823,50.302722,63.291954,50.302722,63.291954
64.266686,99.693003,73.532540,82.169823,50.302722,63.291954,50.302722,63.291954
65.018194,98.551351,73.532540,82.169823,50.302722,63.291954,50.302722,63.291954
65.754717,97.389789,73.532540,82.169823,50.302722,63.291954,50.302722,63.291954
66.476503,96.209152,73.532540,82.169823,50.302722,63.291954,50.302722,63.291954
67.183823,95.010241,73.532540,82.169823,50.302722,63.291954,50.302722,63.291954
67.876973,93.793825,73.532540,82.169823,50.302722,63.291954,50.302722,63.291954
68.556264,92.560641,73.532540,82.169823,50.302722,63.291954,50.302722,63.291954
69.222022,91.311393,73.532540,82.169823,50.302722,63.291954,50.302722,63.291954
69.874585,90.046755,73.532540,82.169823,50.302722,63.291954,50.302722,63.291954
70.514299,88.767372,73.532540,82.169823,50.302722,63.291954,50.302722,63.291954
71.141516,87.473857,73.532540,82.169823,50.302722,63.291954,50.302722,63.291954
71.756591,86.166799,73.532540,82.169823,50.302722,63.291954,50.302722,63.291954
72.359881,84.846756,73.532540,82.169823,50.302722,63.291954,50.302722,63.291954
72.951745,83.514261,73.532540,82.169823,50.302722,63.291954,50.302722,63.291954
73.532540,82.169823,73.532540,82.169823,50.302722,63.291954,50.302722,63.291954
