46.883968,63.612200,46.883968,63.612200,6.611346,73.407940,51.165380,66.248054
46.883968,63.612200,46.883968,63.612200,5.606372,75.052992,51.165380,66.248054
46.883968,63.612200,46.883968,63.612200,4.626075,76.680516,51.165380,66.248054
46.883968,63.612200,46.883968,63.612200,3.671077,78.290592,51.165380,66.248054
46.883968,63.612200,46.883968,63.612200,2.742056,79.883232,51.165380,66.248054
46.883968,63.612200,46.883968,63.612200,1.839753,81.458373,51.165380,66.248054
46.883968,63.612200,46.883968,63.612200,0.964966,83.015891,51.165380,66.248054
46.883968,63.612200,46.883968,63.612200,0.118548,84.555595,51.165380,66.248054
46.883968,63.612200,46.883968,63.612200,-0.698592,86.077236,51.165380,66.248054
46.883968,63.612200,46.883968,63.612200,-1.485490,87.580504,51.165380,66.248054
46.883968,63.612200,46.883968,63.612200,-2.241131,89.065031,51.165380,66.248054
46.883968,63.612200,46.883968,63.612200,-2.964447,90.530392,51.165380,66.248054
46.883968,63.612200,46.883968,63.612200,-3.654320,91.976104,51.165380,66.248054
46.883968,63.612200,46.883968,63.612200,-4.309584,93.401628,51.165380,66.248054
46.883968,63.612200,46.883968,63.612200,-4.929027,94.806367,51.165380,66.248054
46.883968,63.612200,46.883968,63.612200,-5.511394,96.189667,51.165380,66.248054
46.883968,63.612200,46.883968,63.612200,-6.055387,97.550819,51.165380,66.248054
46.883968,63.612200,46.883968,63.612200,-6.559674,98.889053,51.165380,66.248054
46.883968,63.612200,46.883968,63.612200,-7.022890,100.203543,51.165380,66.248054
46.883968,63.612200,46.883968,63.612200,-7.443644,101.493402,51.165380,66.248054
46.883968,63.612200,46.883968,63.612200,-7.820524,102.757687,51.165380,66.248054
46.883968,63.612200,46.883968,63.612200,-8.152106,103.995395,51.165380,66.248054
46.883968,63.612200,46.883968,63.612200,-8.436963,105.205464,51.165380,66.248054
46.883968,63.612200,46.883968,63.612200,-8.673673,106.386775,51.165380,66.248054
46.883968,63.612200,46.883968,63.612200,-8.860836,107.538150,51.165380,66.248054
46.883968,63.612200,46.883968,63.612200,-8.997078,108.658356,51.165380,66.248054
46.883968,63.612200,46.883968,63.612200,-9.081076,109.746107,51.165380,66.248054
46.883968,63.612200,46.883968,63.612200,-9.111566,110.800065,51.165380,66.248054
46.883968,63.612200,46.883968,63.612200,-9.087369,111.818844,51.165380,66.248054
46.883968,63.612200,46.883968,63.612200,-9.007401,112.801013,51.165380,66.248054
46.883968,63.612200,46.883968,63.612200,-8.870702,113.745105,51.165380,66.248054
46.883968,63.612200,46.883968,63.612200,-8.676455,114.649620,51.165380,66.248054
46.883968,63.612200,46.883968,63.612200,-8.424009,115.513032,51.165380,66.248054
46.883968,63.612200,46.883968,63.612200,-8.112900,116.333801,51.165380,66.248054
46.883968,63.612200,46.883968,63.612200,-7.742881,117.110379,51.165380,66.248054
46.883968,63.612200,46.883968,63.612200,-7.313936,117.841224,51.165380,66.248054
46.883968,63.612200,46.883968,63.612200,-6.826310,118.524807,51.165380,66.248054
46.883968,63.612200,46.883968,63.612200,-6.280524,119.159634,51.165380,66.248054
46.883968,63.612200,46.883968,63.612200,-5.677390,119.744250,51.165380,66.248054
46.883968,63.612200,46.883968,63.612200,-5.018028,120.277261,51.165380,66.248054
46.883968,63.612200,46.883968,63.612200,-4.303874,120.757346,51.165380,66.248054
46.883968,63.612200,46.883968,63.612200,-3.536681,121.183272,51.165380,66.248054
46.883968,63.612200,46.883968,63.612200,-2.718519,121.553911,51.165380,66.248054
46.883968,63.612200,46.883968,63.612200,-1.851764,121.868255,51.165380,66.248054
46.883968,63.612200,46.883968,63.612200,-0.939085,122.125426,51.165380,66.248054
46.883968,63.612200,46.883968,63.612200,0.016580,122.324693,51.165380,66.248054
46.883968,63.612200,46.883968,63.612200,1.012049,122.465479,51.165380,66.248054
46.883968,63.612200,46.883968,63.612200,2.043934,122.547372,51.165380,66.248054
46.883968,63.612200,46.883968,63.612200,3.108675,122.570131,51.165380,66.248054
46.883968,63.612200,46.883968,63.612200,4.202587,122.533688,51.165380,66.248054
46.883968,63.612200,46.883968,63.612200,5.321900,122.438152,51.165380,66.248054
46.883968,63.612200,46.883968,63.612200,6.462810,122.283802,51.165380,66.248054
46.883968,63.612200,46.883968,63.612200,7.621522,122.071091,51.165380,66.248054
46.883968,63.612200,46.883968,63.612200,8.794296,121.800631,51.165380,66.248054
46.883968,63.612200,46.883968,63.612200,9.977485,121.473189,51.165380,66.248054
46.883968,63.612200,46.883968,63.612200,11.167579,121.089673,51.165380,66.248054
46.883968,63.612200,46.883968,63.612200,12.361234,120.651122,51.165380,66.248054
46.883968,63.612200,46.883968,63.612200,13.555298,120.158688,51.165380,66.248054
46.883968,63.612200,46.883968,63.612200,14.746838,119.613625,51.165380,66.248054
46.883968,63.612200,46.883968,63.612200,15.933153,119.017275,51.165380,66.248054
46.883968,63.612200,46.883968,63.612200,17.111784,118.371045,51.165380,66.248054
46.883968,63.612200,46.883968,63.612200,18.280524,117.676400,51.165380,66.248054
46.883968,63.612200,46.883968,63.612200,19.437411,116.934846,51.165380,66.248054
46.883968,63.612200,46.883968,63.612200,20.580733,116.147913,51.165380,66.248054
46.883968,63.612200,46.883968,63.612200,21.709014,115.317148,51.165380,66.248054
46.883968,63.612200,46.883968,63.612200,22.821008,114.444096,51.165380,66.248054
46.883968,63.612200,46.883968,63.612200,23.915686,113.530297,51.165380,66.248054
46.883968,63.612200,46.883968,63.612200,24.992218,112.577269,51.165380,66.248054
46.883968,63.612200,46.883968,63.612200,26.049964,111.586507,51.165380,66.248054
46.883968,63.612200,46.883968,63.612200,27.088455,110.559469,51.165380,66.248054
46.883968,63.612200,46.883968,63.612200,28.107378,109.497577,51.165380,66.248054
46.883968,63.612200,46.883968,63.612200,29.106558,108.402205,51.165380,66.248054
46.883968,63.612200,46.883968,63.612200,30.085949,107.274680,51.165380,66.248054
46.883968,63.612200,46.883968,63.612200,31.045612,106.116277,51.165380,66.248054
46.883968,63.612200,46.883968,63.612200,31.985706,104.928215,51.165380,66.248054
46.883968,63.612200,46.883968,63.612200,32.906477,103.711658,51.165380,66.248054
46.883968,63.612200,46.883968,63.612200,33.808240,102.467713,51.165380,66.248054
46.883968,63.612200,46.883968,63.612200,34.691375,101.197429,51.165380,66.248054
46.883968,63.612200,46.883968,63.612200,35.556315,99.901793,51.165380,66.248054
46.883968,63.612200,46.883968,63.612200,36.403536,98.581738,51.165380,66.248054
46.883968,63.612200,46.883968,63.612200,37.233552,97.238134,51.165380,66.248054
46.883968,63.612200,46.883968,63.612200,38.046909,95.871795,51.165380,66.248054
46.883968,63.612200,46.883968,63.612200,38.844175,94.483477,51.165380,66.248054
46.883968,63.612200,46.883968,63.612200,39.625940,93.073876,51.165380,66.248054
46.883968,63.612200,46.883968,63.612200,40.392811,91.643634,51.165380,66.248054
46.883968,63.612200,46.883968,63.612200,41.145404,90.193334,51.165380,66.248054
46.883968,63.612200,46.883968,63.612200,41.884350,88.723501,51.165380,66.248054
46.883968,63.612200,46.883968,63.612200,42.610285,87.234605,51.165380,66.248054
46.883968,63.612200,46.883968,63.612200,43.323853,85.727059,51.165380,66.248054
46.883968,63.612200,46.883968,63.612200,44.025704,84.201216,51.165380,66.248054
46.883968,63.612200,46.883968,63.612200,44.716491,82.657374,51.165380,66.248054
46.883968,63.612200,46.883968,63.612200,45.396875,81.095767,51.165380,66.248054
46.883968,63.612200,46.883968,63.612200,46.067522,79.516571,51.165380,66.248054
46.883968,63.612200,46.883968,63.612200,46.729105,77.919897,51.165380,66.248054
46.883968,63.612200,46.883968,63.612200,47.382307,76.305791,51.165380,66.248054
46.883968,63.612200,46.883968,63.612200,48.027818,74.674225,51.165380,66.248054
46.883968,63.612200,46.883968,63.612200,48.666345,73.025100,51.165380,66.248054
46.883968,63.612200,46.883968,63.612200,49.298609,71.358237,51.165380,66.248054
46.883968,63.612200,46.883968,63.612200,49.925353,69.673367,51.165380,66.248054
46.883968,63.612200,46.883968,63.612200,50.547344,67.970128,51.165380,66.248054
46.883968,63.612200,46.883968,63.612200,51.165380,66.248054,51.165380,66.248054
